1;1;101;1;2023;11;20;10;30;0;120;讨论了项目需求和时间安排
2;2;201;2;2023;11;20;11;0;0;60;确认了合同条款和付款方式
3;3;301;3;2023;11;20;11;30;0;180;汇报了项目进展和遇到的问题
4;4;401;4;2023;11;20;12;0;0;300;协调了各部门之间的合作
5;5;501;5;2023;11;20;13;0;0;90;了解了客户的反馈和建议
6;6;601;6;2023;11;20;14;0;0;150;介绍了公司的产品和服务
7;7;701;7;2023;11;20;15;0;0;240;解决了客户的投诉和疑问
8;8;801;8;2023;11;20;16;0;0;45;跟进了客户的订单和发货情况
9;9;901;9;2023;11;20;17;0;0;100;预约了客户的拜访和会议
10;10;1001;10;2023;11;20;18;0;0;75;感谢了客户的支持和信任
11;11;1101;1;2023;11;21;9;0;0;200;确认新的合作意向
12;12;1201;2;2023;11;21;10;0;0;100;讨论了市场推广策略
13;13;1301;3;2023;11;21;11;0;0;50;跟进客户提出的技术问题
14;14;1401;4;2023;11;21;12;0;0;120;汇报竞争对手的市场动态
15;15;1501;5;2023;11;21;13;0;0;300;讨论年度合作计划
16;16;1601;6;2023;11;21;14;0;0;150;确认客户对新产品功能的反馈
17;17;1701;7;2023;11;21;15;0;0;75;了解客户近期采购计划
18;18;1801;8;2023;11;21;16;0;0;90;讨论客户定制化需求
19;19;1901;9;2023;11;21;17;0;0;240;更新项目进展报告
20;20;2001;10;2023;11;21;18;0;0;60;确认下周会议安排